67
0 75 300 0.0 0 0 0 1.6 0.0 0.0 0 2 1 1 0 0 0 0 KNIFE
1 10 100 0.30 20 4 2100 1.15 1.0 0.0 400 1 0 1 0 1 3 1 GLOCK
2 15 100 0.20 12 6 1900 1.15 1.0 0.0 500 1 0 1 0 1 3 1 USP
3 20 100 0.30 13 5 2000 1.15 1.0 0.0 600 1 0 1 0 1 3 1 P228
4 30 100 0.40 7 6 1600 1.15 1.0 0.0 650 1 0 1 0 1 3 3 DEAGLE
5 15 100 0.10 20 6 2200 1.15 1.0 0.0 750 1 0 1 0 1 2 1 FIVESEVEN
6 15 100 0.30 30 5 3800 1.15 1.0 0.0 1000 1 0 1 0 1 1 1 ELITE
7 18 1100 0.65 8 5 4000 1.0 1.0 0.0 1700 0 1 6 0 2 3 2 M3
8 18 250 0.50 7 5 2500 1.0 1.0 0.0 3000 0 1 4 0 2 3 2 XM1014
9 11 85 0.55 30 5 1600 1.05 1.0 0.0 1250 0 1 1 0 3 2 1 TMP
10 11 85 0.55 30 4 1850 1.05 1.0 0.0 1700 0 1 1 0 3 1 1 MAC10
11 15 90 0.40 30 5 1700 1.05 1.0 0.0 1500 0 1 1 0 3 3 1 MP5
12 20 100 0.35 25 5 1900 1.05 1.0 0.0 1400 0 1 1 0 3 3 1 UMP
13 12 70 0.40 50 3 1900 1.05 1.0 0.0 2350 0 1 1 0 3 3 1 P90
14 20 65 0.40 25 4 2000 1.0 1.0 0.0 2250 0 1 1 0 4 2 0 FAMAS
15 25 90 0.40 35 4 1900 1.0 1.0 0.0 2000 0 1 1 0 4 1 0 GALIL
16 70 1200 0.30 10 10 1500 1.2 2.0 0.30 2750 0 1 1 2 4 3 3 SCOUT
17 25 100 0.25 30 4 2100 1.25 2 0.0 3100 0 1 1 0 4 2 0 M4A1
18 30 100 0.35 30 4 2100 1.0 1.0 0.0 2500 0 1 1 0 4 1 0 AK47
19 25 95 0.30 30 4 2500 1.0 1.0 0.0 3500 0 1 1 1 4 2 0 AUG
20 25 95 0.30 30 4 2400 1.0 1.0 0.0 3500 0 1 1 1 4 1 0 SG552
21 70 250 0.60 30 4 2200 0.9 2.0 0.15 4200 0 1 1 3 4 2 3 SG550
22 70 300 0.60 20 5 3200 0.9 2.0 0.15 5000 0 1 1 3 4 1 3 G3SG1
23 100 1400 0.60 10 4 2300 0.85 2.0 0.15 4750 0 1 1 3 4 3 3 AWP
24 20 95 0.55 100 2 4200 0.85 1.0 0.0 5750 0 1 1 0 5 3 2 M249
25 0 1000 0.0 1 1 0 1.15 0.0 0.0 200 3 0 1 0 6 3 0 FLASHBANG
26 100 1000 0.0 1 1 0 1.15 0.0 0.0 300 3 0 1 0 6 3 0 HE-GRENADE
27 0 1000 0.0 1 1 0 1.15 0.0 0.0 300 3 0 1 0 6 3 0 SMOKE-GRENADE
28 24 75 0.24 20 5 2500 1.0 1.0 0.0 2900 0 1 1 0 4 3 1 AS-VAL
29 14 55 0.35 25 5 2200 1.05 1.0 0.0 2100 0 1 1 0 3 3 1 KRISS-VECTOR
30 35 110 0.55 20 6 3200 0.85 1.0 0.0 4200 0 1 1 0 5 3 2 BAR
31 10 60 0.38 20 6 2200 1.15 1.0 0.0 1200 1 1 1 0 1 3 1 GLOCK-AUTO
32 10 60 0.38 20 6 2200 1.15 1.0 0.0 1200 1 1 1 0 1 2 1 TEC-9
33 10 60 0.38 20 6 2200 1.15 1.0 0.0 1200 1 1 1 0 1 2 1 CZ
34 10 60 0.38 20 6 2200 1.15 1.0 0.0 1200 1 1 1 0 3 2 1 MAC10-S
35 65 60 0.38 1 35 500 1.15 2 0.15 1000 0 0 1 3 4 2 3 KAR98K
36 15 95 0.42 32 5 2200 1.05 1.0 0.0 1300 0 1 1 0 3 3 1 STEN
37 18 100 0.48 30 5 2600 1.00 1.0 0.0 1800 0 1 1 0 3 3 1 THOMPSON
38 17 105 0.40 32 5 2400 1.05 1.0 0.0 1500 0 1 1 0 3 3 1 MP40
39 12 65 0.55 71 3 3000 0.95 1.0 0.0 2200 0 1 1 0 3 3 1 PPSH41
40 13 75 0.48 32 5 2100 1.05 1.0 0.0 1400 0 1 1 0 3 3 1 UZI
41 14 70 0.36 40 4 2000 1.08 1.0 0.0 2100 0 1 1 0 3 3 1 MP7
42 42 400 0.22 8 8 2400 1.00 1.5 0.0 2600 0 0 1 0 4 3 2 M1-GARAND
43 85 1300 0.45 5 7 2900 0.90 2.0 0.20 3000 0 0 1 2 4 3 3 MOSIN-NAGANT
44 78 1100 0.42 10 5 2800 0.92 2.0 0.18 2900 0 0 1 2 4 3 3 LEE-ENFIELD
45 40 250 0.30 20 5 2500 0.95 1.5 0.0 3200 0 0 1 0 4 3 2 M14
46 32 110 0.35 20 6 2500 0.95 1.2 0.0 2800 0 1 1 0 4 3 2 FAL
47 24 90 0.27 30 5 2200 1.05 1.2 0.0 2900 0 1 1 0 4 3 0 G36C
48 27 85 0.32 30 5 2300 1.02 1.2 0.0 3100 0 1 1 0 4 3 0 TAR21
49 34 110 0.34 20 5 2500 0.95 1.4 0.0 3600 0 1 1 0 4 3 2 SCAR-H
50 25 80 0.25 30 5 2100 1.05 1.2 0.0 3400 0 1 1 0 4 3 0 HK416
51 28 85 0.26 30 5 2400 1.00 1.3 0.0 3300 0 1 1 0 4 3 0 AN94
52 28 120 0.22 30 5 2300 1.00 1.3 0.0 3000 0 0 1 0 4 3 0 M16A4
53 27 90 0.32 30 5 2200 1.00 1.2 0.0 2700 0 1 1 0 4 3 0 AK74
54 27 95 0.42 45 4 3000 0.88 1.1 0.0 3800 0 1 1 0 5 3 2 RPK
55 18 55 0.65 50 4 3800 0.78 1.0 0.0 5200 0 1 1 0 5 3 2 MG42
56 29 120 0.52 47 4 3500 0.82 1.0 0.0 4300 0 1 1 0 5 3 2 DP28
57 26 100 0.60 100 2 4200 0.78 1.0 0.0 5500 0 1 1 0 5 3 2 M60
58 20 800 0.58 8 5 3100 0.98 1.0 0.0 3000 0 0 6 0 2 3 2 SPAS12
59 24 900 0.62 5 7 2700 1.00 1.0 0.0 2200 0 0 6 0 2 3 2 WINCHESTER
60 18 140 0.25 8 7 1900 1.15 1.0 0.0 650 1 0 1 0 1 3 1 LUGER
61 22 160 0.28 7 7 2000 1.15 1.0 0.0 700 1 0 1 0 1 3 1 M1911
62 48 500 0.35 6 6 2400 1.10 1.2 0.0 1200 1 0 1 0 1 3 3 REVOLVER
63 14 130 0.22 7 7 1800 1.15 1.0 0.0 500 1 0 1 0 1 3 1 PPK
64 75 100 0.3 10 5 2000 1.0 3.0 0.0 1000 1 0 1 0 1 3 4 RAYGUN
65 150 1000 1.0 1 11 1500 1.0 2.0 0.0 3000 0 0 1 0 6 3 5 CROSSBOW
66 75 150 0.0 0 0 0 2.0 0.0 0.0 0 2 1 1 0 0 0 0 ZOMBIECLAWS

# id damage delay spread clip numclips reloaddelay walkingspeed bulletspeed viewangle cost type firemode pellets scope category teams [muzzleflash] name
# Maximum 128 sequential records with IDs 0 through 127.
# Add a row at the next sequential ID and update the count on line 1.
# muzzleflash is optional, goes before name, and accepts IDs 0 through 15.
# Client resources map N to muzzle_flash_N; missing keys use style 0.
# Omitted muzzleflash values default to 0 for old 18-value rows.
# Standard weapons require no server source-code table changes.




quad damage delay spread clip #ofclips reloaddelay walkingspeed bulletspeed viewangle money type name